[15, 71, 30, 63, 66, 56, 79, 77, 14, 11]
[15, 51, 41, 74, 16, 71, 77, 47, 64, 36]
[77, 97, 73, 67, 97, 49, 78, 67, 15, 81]
[74, 87, 72, 47, 55, 75, 31, 43, 43, 14]
[61, 66, 91, 19, 90, 19, 62, 76, 64, 66]added -->2022-11-10T10:21:51.972626700
[71, 67, 21, 32, 86, 68, 97, 69, 37, 43]added -->2022-11-10T10:22:16.044813
[23, 12, 25, 32, 44, 84, 64, 46, 23, 32]added -->2022-11-10T10:22:19.630077600
[98, 79, 26, 32, 15, 51, 74, 37, 76, 17] added -->2022-11-10T10:22:31.655587300
[81, 98, 18, 41, 11, 21, 37, 23, 37, 23] added -->2022-11-10T10:22:34.590756700
[51, -42, 81, -72, 43, -34, 75, -66, 58, -49] added -->2022-11-10T10:32:38.712072900
[22, -18, 90, -86, 35, -31, 19, -15, 97, -93] added -->2022-11-10T10:34:05.324421700
[30, -26, 10, -6, 56, -52, 65, -61, 22, -18] added -->2022-11-10T10:34:20.660020200
[38, 20, 13, 45, 38, 20, 88, -30, 26, 32] added -->2022-11-10T10:35:12.920470800
